##############################################
Pad1: 60  0  0  100  0  0  44  0  8  24  8  18  0  0  0  |262|
Pad2: 0  16  8  4  0  8  0  4  1  0  0  0  0  0  2  |43|
Pad3: 1  0  0  10  0  0  11  0  0  2  0  4  0  0  2  |30|
Pad4: 5  0  1  0  0  7  0  0  0  0  2  3  0  3  0  |21|
Pad5: 3  1  5  2  0  1  1  0  0  0  0  1  0  0  0  |14|
Pad6: 0  0  0  6  12  0  2  11  8  0  0  0  0  2  0  |41|
Pad7: 4  0  0  0  4  0  0  24  0  0  4  0  0  7  1  |44|
Pad8: 11  30  12  2  0  0  6  8  0  0  0  0  0  5  0  |74|
Pad9: 0  0  0  0  2  0  0  16  2  0  2  12  3  0  4  |41|
Pad10: 0  0  25  0  6  4  0  2  0  0  3  0  0  0  3  |43|
Pad11: 0  4  6  0  2  16  0  0  0  0  0  8  0  0  0  |36|
Pad12: 0  3  0  2  0  1  0  0  0  0  0  0  0  0  0  |6|
##############################################
Pad1: 91  14  24  26  0  6  58  0  26  0  0  42  0  4  0  |291|
Pad2: 0  0  0  0  5  0  10  8  0  10  0  0  4  0  0  |37|
Pad3: 0  0  3  0  0  10  1  8  2  9  0  3  0  0  3  |39|
Pad4: 6  0  0  0  0  3  4  2  0  0  0  0  0  1  0  |16|
Pad5: 0  0  0  0  0  0  0  0  0  1  0  0  0  0  0  |1|
Pad6: 6  0  0  2  0  3  6  0  0  0  0  0  0  0  0  |17|
Pad7: 0  0  0  8  0  0  17  0  2  28  0  0  6  0  0  |61|
Pad8: 0  0  2  0  7  14  0  0  0  0  0  4  9  7  0  |43|
Pad9: 0  8  10  4  2  0  4  0  4  2  0  0  0  6  0  |40|
Pad10: 2  0  0  2  8  18  0  20  16  0  6  0  0  4  8  |84|
Pad11: 9  0  0  9  21  0  14  24  0  0  0  4  0  6  2  |89|
Pad12: 2  0  0  3  0  0  0  0  0  0  1  0  1  0  0  |7|
##############################################
Pad1: 0  0  28  0  30  20  2  0  4  12  7  0  2  4  4  |113|
Pad2: 0  148  27  0  0  38  40  22  31  24  35  4  0  36  2  |407|
Pad3: 2  0  0  0  20  0  9  0  0  0  0  0  1  0  0  |32|
Pad4: 4  3  0  0  0  0  0  6  0  0  15  0  0  3  4  |35|
Pad5: 0  0  0  0  3  0  4  7  19  0  2  14  0  0  0  |49|
Pad6: 13  0  0  4  0  0  7  0  0  0  0  0  8  0  0  |32|
Pad7: 10  0  0  0  0  0  1  0  16  30  10  6  0  0  0  |73|
Pad8: 2  0  0  2  39  0  0  1  0  0  0  0  4  9  0  |57|
Pad9: 10  0  0  4  2  6  15  0  0  0  4  0  1  8  0  |50|
Pad10: 16  6  0  10  0  0  0  13  0  12  0  8  13  9  0  |87|
Pad11: 25  20  14  33  0  0  19  0  0  11  0  0  4  0  0  |126|
Pad12: 7  6  0  7  2  7  5  0  0  0  0  1  0  0  0  |35|
##############################################
Pad1: 9  10  0  0  0  0  0  14  0  0  2  2  0  0  8  |45|
Pad2: 0  0  58  0  48  0  46  6  0  0  0  0  0  0  8  |166|
Pad3: 13  0  1  0  11  0  0  2  0  0  0  0  6  2  0  |35|
Pad4: 0  0  4  0  0  0  0  0  0  0  0  14  0  0  5  |23|
Pad5: 6  0  5  0  31  11  0  16  0  4  5  0  1  12  0  |91|
Pad6: 8  20  0  31  0  0  0  21  19  10  0  0  0  4  0  |113|
Pad7: 28  0  36  0  18  10  0  0  0  0  0  4  16  6  2  |120|
Pad8: 5  34  25  8  0  0  0  0  0  5  6  3  4  0  0  |90|
Pad9: 0  30  0  11  2  0  0  6  0  0  6  8  0  0  2  |65|
Pad10: 12  10  0  3  36  0  2  0  0  0  19  0  0  0  1  |83|
Pad11: 0  0  0  0  0  0  5  0  0  20  1  0  27  0  0  |53|
Pad12: 0  0  0  0  2  0  4  4  4  0  7  0  0  0  0  |21|
##############################################
Pad1: 0  0  2  12  2  0  8  0  4  16  4  1  4  0  0  |53|
Pad2: 2  10  12  0  8  4  0  1  12  0  0  16  2  8  0  |75|
Pad3: 41  28  23  14  24  4  27  29  20  6  1  10  4  8  0  |239|
Pad4: 5  5  18  0  11  32  0  0  10  0  0  0  0  0  0  |81|
Pad5: 0  6  20  4  0  20  10  4  9  1  9  7  0  5  6  |101|
Pad6: 0  4  0  21  10  0  0  29  10  0  0  14  5  0  0  |93|
Pad7: 0  8  0  8  28  0  29  3  0  16  10  0  5  6  0  |113|
Pad8: 0  4  3  0  0  17  0  0  0  0  8  11  3  1  0  |47|
Pad9: 1  0  12  0  4  10  0  2  2  0  0  0  0  0  2  |33|
Pad10: 0  0  6  3  0  0  0  2  0  0  0  0  0  0  4  |15|
Pad11: 0  4  0  8  0  0  49  0  0  0  20  0  0  0  0  |81|
Pad12: 3  0  0  0  1  3  1  0  3  4  0  4  3  0  0  |22|
##############################################
Pad1: 0  4  0  0  6  4  4  0  5  4  13  0  0  0  0  |40|
Pad2: 3  8  33  0  0  0  18  10  0  0  0  0  0  8  0  |80|
Pad3: 46  0  46  25  24  177  51  12  26  0  0  9  0  5  0  |421|
Pad4: 12  0  21  0  0  23  0  19  0  2  0  0  3  0  0  |80|
Pad5: 0  27  25  3  13  30  10  27  11  19  9  2  2  0  0  |178|
Pad6: 0  0  0  0  28  24  34  28  0  0  0  18  16  0  5  |153|
Pad7: 0  8  0  0  8  0  18  0  0  0  1  0  8  12  0  |55|
Pad8: 0  0  0  0  3  27  18  4  9  1  0  5  0  0  0  |67|
Pad9: 4  0  40  8  0  2  0  4  0  0  1  0  0  6  1  |66|
Pad10: 0  0  4  0  0  0  0  0  12  20  0  0  0  0  0  |36|
Pad11: 0  0  4  46  12  6  21  0  0  6  0  6  3  0  8  |112|
Pad12: 9  3  8  8  6  6  12  6  5  1  8  4  5  0  4  |85|
##############################################
Pad1: 0  0  2  2  0  1  0  2  6  0  0  1  0  4  0  |18|
Pad2: 0  0  2  5  0  0  6  12  0  8  6  0  1  10  0  |50|
Pad3: 0  0  2  0  0  6  0  0  8  0  0  5  0  5  5  |31|
Pad4: 23  131  19  10  62  0  156  39  0  40  45  0  0  42  1  |568|
Pad5: 0  0  23  0  0  16  0  0  0  5  0  3  0  0  2  |49|
Pad6: 0  4  16  0  0  4  0  8  4  8  11  0  4  0  0  |59|
Pad7: 1  4  10  0  8  11  0  16  0  0  14  0  0  7  0  |71|
Pad8: 0  0  0  1  1  0  0  1  0  0  4  0  0  0  4  |11|
Pad9: 0  4  0  6  2  0  6  0  0  8  2  0  4  0  1  |33|
Pad10: 0  0  1  4  8  1  0  0  12  0  8  4  0  6  2  |46|
Pad11: 4  0  0  0  14  0  0  10  0  10  0  0  6  0  0  |44|
Pad12: 0  0  0  4  2  1  0  3  4  3  5  0  0  3  0  |25|
##############################################
Pad1: 0  2  0  2  0  0  8  2  4  2  0  6  0  0  8  |34|
Pad2: 0  0  10  0  0  8  0  0  10  8  6  2  2  4  2  |52|
Pad3: 0  1  0  8  28  0  0  0  1  0  4  4  0  5  0  |51|
Pad4: 41  47  255  21  137  109  0  43  58  19  55  64  65  49  12  |975|
Pad5: 0  14  0  0  1  3  0  0  10  0  0  1  4  0  2  |35|
Pad6: 0  0  30  0  11  2  10  0  2  6  2  0  11  0  0  |74|
Pad7: 0  0  8  0  4  12  0  4  12  0  0  8  0  6  0  |54|
Pad8: 0  0  0  3  6  0  0  2  0  0  6  0  0  0  3  |20|
Pad9: 0  4  4  0  0  4  2  0  6  2  1  1  0  4  0  |28|
Pad10: 0  0  0  4  4  0  0  6  0  0  1  0  0  5  0  |20|
Pad11: 1  1  13  0  21  3  4  14  7  12  0  5  0  5  0  |86|
Pad12: 0  0  2  2  4  0  2  3  0  0  0  3  0  4  1  |21|
##############################################
Pad1: 0  5  2  0  5  0  0  4  2  0  0  3  0  0  2  |23|
Pad2: 2  1  0  1  0  8  0  20  0  0  7  4  0  2  1  |46|
Pad3: 0  1  0  0  9  0  1  2  1  2  0  0  3  0  2  |21|
Pad4: 3  25  0  0  0  4  20  0  17  0  0  3  0  0  2  |74|
Pad5: 77  0  42  0  32  6  12  49  61  28  9  1  0  0  0  |317|
Pad6: 0  20  0  0  5  12  0  3  10  0  8  0  0  4  0  |62|
Pad7: 8  0  18  0  0  14  0  2  5  0  0  0  2  0  2  |51|
Pad8: 0  0  4  6  0  0  0  8  0  0  0  0  0  1  0  |19|
Pad9: 6  0  4  2  0  4  0  0  0  4  5  0  0  2  0  |27|
Pad10: 0  2  0  4  0  5  5  0  0  0  6  2  2  0  0  |26|
Pad11: 4  16  6  0  2  0  0  0  0  16  4  1  17  4  0  |70|
Pad12: 0  0  0  5  0  0  2  0  0  0  5  1  0  1  0  |14|
##############################################
Pad1: 0  2  0  2  0  0  0  0  0  8  0  0  5  5  0  |22|
Pad2: 0  0  7  0  0  0  8  0  0  4  0  0  6  0  0  |25|
Pad3: 0  0  0  0  0  0  0  1  0  14  0  0  1  0  5  |21|
Pad4: 0  0  0  29  0  10  0  9  14  0  18  0  3  17  5  |105|
Pad5: 25  0  32  134  0  64  0  5  0  56  27  0  26  17  0  |386|
Pad6: 0  24  0  20  10  0  0  0  0  0  18  0  13  6  0  |91|
Pad7: 0  0  10  0  28  18  0  18  0  0  10  0  2  0  4  |90|
Pad8: 0  0  0  4  4  5  0  0  2  3  0  0  0  0  0  |18|
Pad9: 1  0  2  0  8  0  0  9  4  0  3  4  5  0  2  |38|
Pad10: 0  0  5  0  0  12  0  0  6  4  4  0  0  4  2  |37|
Pad11: 0  0  6  8  26  0  10  0  5  6  0  10  0  0  28  |99|
Pad12: 2  11  0  3  0  1  0  0  0  1  0  0  0  1  1  |20|
