Pad1: 5  0  1  2  8  14  5  0  8  0  0  0  0  4  8  |55|
Pad2: 16  0  0  9  6  8  6  0  16  2  0  5  8  1  0  |77|
Pad3: 25  28  0  0  10  14  0  0  40  6  9  2  0  0  5  |139|
Pad4: 0  2  0  1  0  7  4  0  10  2  3  0  0  0  0  |29|
Pad5: 1  0  0  0  0  0  4  0  0  4  0  3  2  0  0  |14|
Pad6: 80  35  0  45  0  0  9  0  6  0  8  0  4  0  2  |189| 
Pad7: 0  0  32  0  0  4  0  4  30  18  0  0  14  0  0  |102|
Pad8: 0  13  9  14  33  0  9  10  0  0  0  6  0  0  2  |96|
Pad9: 2  0  0  0  14  14  12  4  2  0  4  2  0  0  2  |56|
Pad10: 10  0  2  6  0  28  18  10  10  18  0  0  0  2  0  |104|
Pad11: 0  12  60  76  0  80  102  1  27  42  0  11  0  0  0  |411|
Pad12: 0  2  11  11  0  0  0  0  0  0  0  1  0  0  0  |25|

Trafiona 6 

Pad1: 0  0  0  14  0  0  0  0  10  7  0  0  8  0  0  |39|
Pad2: 0  8  0  0  0  0  0  0  0  5  0  0  16  0  0  |29|
Pad3: 0  24  0  0  13  2  13  0  0  0  0  0  0  7  0  |59|
Pad4: 0  0  0  0  0  1  14  1  0  4  0  4  0  2  0  |26|
Pad5: 8  0  0  1  16  0  0  0  3  0  0  0  0  12  0  |40|
Pad6: 0  0  51  41  0  37  50  1  25  0  7  10  0  0  0  |222|
Pad7: 0  0  23  33  0  12  22  2  33  0  0  0  8  8  0  |141|
Pad8: 0  0  0  0  0  0  11  0  28  2  13  22  0  0  0  |76|
Pad9: 8  0  0  4  0  8  6  6  4  0  0  6  0  0  6  |48|
Pad10: 31  4  0  4  11  0  0  16  2  24  12  6  0  0  0  |110|
Pad11: 0  26  0  91  0  0  0  0  14  21  28  5  0  6  0  |191|
Pad12: 0  0  5  0  6  0  0  0  0  0  0  0  0  0  0  |11|

Trafione 11

Pad1: 1  2  0  0  0  0  6  0  0  4  0  0  4  0  0  |17|
Pad2: 0  0  19  22  0  0  0  0  4  0  4  5  1  0  0  |55|
Pad3: 28  0  0  0  2  2  9  0  4  0  0  2  2  0  0  |49|
Pad4: 0  0  0  0  0  0  0  9  0  0  0  0  0  0  0  |9|
Pad5: 0  0  0  0  3  3  0  1  0  0  0  0  0  1  0  |8|
Pad6: 10  0  14  0  13  0  2  2  4  1  0  3  0  4  0  |53|
Pad7: 12  0  20  20  0  5  13  6  0  9  0  0  8  2  0  |95|
Pad8: 0  0  7  4  0  2  0  3  4  0  0  0  4  0  5  |29|
Pad9: 0  0  10  0  4  6  0  1  0  5  2  0  2  0  0  |30|
Pad10: 0  5  0  8  0  0  6  4  10  0  0  4  0  0  0  |37|
Pad11: 0  0  0  0  0  6  0  0  2  5  0  1  0  3  0  |17|
Pad12: 0  2  0  2  0  0  1  0  1  0  0  0  0  0  1  |7|

Trafione 2/3

##############################################
Pad1: 0  6  0  0  4  2  4  0  2  0  0  0  4  0  0  |0|
Pad2: 10  0  2  3  8  0  5  16  0  0  0  0  4  0  2  |0|
Pad3: 44  8  0  0  8  0  9  0  0  2  1  0  0  0  0  |44|
Pad4: 0  0  62  15  0  2  0  0  5  0  0  0  0  1  0  |62|
Pad5: 0  32  23  25  0  0  3  0  0  3  0  0  1  0  0  |80|
Pad6: 6  0  7  0  17  5  0  3  1  0  0  0  0  0  2  |0|
Pad7: 3  4  0  16  0  1  0  0  0  0  9  0  2  4  0  |0|
Pad8: 2  4  6  0  3  0  0  0  3  3  0  2  0  0  4  |0|
Pad9: 0  0  4  5  1  6  0  0  0  2  0  1  0  2  1  |0|
Pad10: 0  6  2  0  4  0  4  0  4  0  0  10  0  6  0  |0|
Pad11: 2  0  16  28  0  4  0  14  0  0  4  0  0  0  2  |28|
Pad12: 2  13  5  12  9  0  0  0  0  1  0  1  0  0  0  |0|
##############################################
Pad1: 2  4  0  2  0  0  4  0  6  0  1  0  1  0  2  |0|
Pad2: 9  0  0  0  0  0  9  0  0  0  3  5  1  0  2  |0|
Pad3: 34  0  7  0  0  2  0  0  0  5  0  0  0  0  0  |34|
Pad4: 0  5  0  0  5  0  0  0  8  0  0  0  0  0  0  |0|
Pad5: 23  20  24  32  0  9  11  0  0  3  0  0  2  0  0  |79|
Pad6: 0  0  0  0  0  0  0  0  0  1  0  5  0  2  4  |0|
Pad7: 0  4  0  14  0  10  2  0  5  0  3  0  4  0  1  |0|
Pad8: 2  2  0  0  0  0  0  0  4  1  2  7  0  0  2  |0|
Pad9: 0  6  4  6  2  2  0  0  0  2  0  0  2  4  0  |0|
Pad10: 0  0  6  0  8  0  0  0  0  4  0  8  0  2  0  |0|
Pad11: 0  0  22  12  0  8  0  0  0  1  13  4  0  0  3  |22|
Pad12: 3  2  7  0  14  2  0  0  0  0  0  2  0  0  0  |0|
##############################################
Pad1: 0  0  0  8  1  0  4  0  6  1  0  0  1  0  1  |0|
Pad2: 8  4  13  3  0  5  8  0  0  0  6  8  0  0  2  |0|
Pad3: 24  28  0  0  0  0  4  0  1  0  0  0  0  0  0  |52|
Pad4: 68  0  0  5  6  0  0  2  7  0  0  0  0  0  0  |68|
Pad5: 22  27  20  27  0  7  4  0  0  5  0  0  1  0  0  |76|
Pad6: 0  0  3  3  10  9  3  4  0  4  0  8  0  6  3  |0|
Pad7: 0  0  0  18  0  12  4  0  8  0  6  0  5  0  0  |0|
Pad8: 4  0  0  0  2  0  0  0  1  3  1  6  0  0  0  |0|
Pad9: 0  6  9  8  0  2  2  0  0  4  2  0  2  2  1  |0|
Pad10: 0  1  6  4  14  0  0  3  4  0  0  6  0  0  0  |0|
Pad11: 1  0  30  6  0  7  0  2  0  3  20  0  0  0  2  |30|
Pad12: 3  0  0  0  13  0  0  0  0  0  0  2  0  0  0  |0|

Trafione 3/4
